2017/11/23-06:53:18.023235 7f93816df700 RocksDB version: 4.6.1
2017/11/23-06:53:18.023670 7f93816df700 Git sha rocksdb_build_git_sha:8d7926a766f2ab9bd6e7aa8cba80b5d3ff26c52b
2017/11/23-06:53:18.023674 7f93816df700 Compile date Oct 18 2017
2017/11/23-06:53:18.023676 7f93816df700 DB SUMMARY
2017/11/23-06:53:18.025380 7f93816df700 CURRENT file:  CURRENT
2017/11/23-06:53:18.025382 7f93816df700 IDENTITY file:  IDENTITY
2017/11/23-06:53:18.025681 7f93816df700 MANIFEST file:  MANIFEST-000043 size: 415 Bytes
2017/11/23-06:53:18.025687 7f93816df700 SST files in assignment2_master.db dir, Total Num: 4, files: 000034.sst 000036.sst 000039.sst 000042.sst 
2017/11/23-06:53:18.025688 7f93816df700 Write Ahead Log file in assignment2_master.db: 000044.log size: 407 ; 
2017/11/23-06:53:18.025691 7f93816df700          Options.error_if_exists: 0
2017/11/23-06:53:18.025691 7f93816df700        Options.create_if_missing: 1
2017/11/23-06:53:18.025692 7f93816df700          Options.paranoid_checks: 1
2017/11/23-06:53:18.025693 7f93816df700                      Options.env: 0x7f937ccd1d60
2017/11/23-06:53:18.025693 7f93816df700                 Options.info_log: 0x2125c80
2017/11/23-06:53:18.025694 7f93816df700           Options.max_open_files: 5000
2017/11/23-06:53:18.025695 7f93816df700 Options.max_file_opening_threads: 1
2017/11/23-06:53:18.025695 7f93816df700       Options.max_total_wal_size: 0
2017/11/23-06:53:18.025696 7f93816df700        Options.disableDataSync: 0
2017/11/23-06:53:18.025697 7f93816df700              Options.use_fsync: 0
2017/11/23-06:53:18.025697 7f93816df700      Options.max_log_file_size: 0
2017/11/23-06:53:18.025698 7f93816df700 Options.max_manifest_file_size: 18446744073709551615
2017/11/23-06:53:18.025698 7f93816df700      Options.log_file_time_to_roll: 0
2017/11/23-06:53:18.025699 7f93816df700      Options.keep_log_file_num: 1000
2017/11/23-06:53:18.025700 7f93816df700   Options.recycle_log_file_num: 0
2017/11/23-06:53:18.025700 7f93816df700        Options.allow_os_buffer: 1
2017/11/23-06:53:18.025701 7f93816df700       Options.allow_mmap_reads: 0
2017/11/23-06:53:18.025701 7f93816df700       Options.allow_fallocate: 1
2017/11/23-06:53:18.025702 7f93816df700      Options.allow_mmap_writes: 0
2017/11/23-06:53:18.025703 7f93816df700          Options.create_missing_column_families: 0
2017/11/23-06:53:18.025703 7f93816df700                              Options.db_log_dir: 
2017/11/23-06:53:18.025704 7f93816df700                                 Options.wal_dir: assignment2_master.db
2017/11/23-06:53:18.025705 7f93816df700                Options.table_cache_numshardbits: 4
2017/11/23-06:53:18.025705 7f93816df700     Options.delete_obsolete_files_period_micros: 21600000000
2017/11/23-06:53:18.025706 7f93816df700              Options.base_background_compactions: 1
2017/11/23-06:53:18.025707 7f93816df700              Options.max_background_compactions: 1
2017/11/23-06:53:18.025707 7f93816df700                      Options.max_subcompactions: 1
2017/11/23-06:53:18.025708 7f93816df700                  Options.max_background_flushes: 1
2017/11/23-06:53:18.025708 7f93816df700                         Options.WAL_ttl_seconds: 0
2017/11/23-06:53:18.025709 7f93816df700                       Options.WAL_size_limit_MB: 0
2017/11/23-06:53:18.025710 7f93816df700             Options.manifest_preallocation_size: 4194304
2017/11/23-06:53:18.025710 7f93816df700                          Options.allow_os_buffer: 1
2017/11/23-06:53:18.025711 7f93816df700                         Options.allow_mmap_reads: 0
2017/11/23-06:53:18.025711 7f93816df700                        Options.allow_mmap_writes: 0
2017/11/23-06:53:18.025712 7f93816df700                      Options.is_fd_close_on_exec: 1
2017/11/23-06:53:18.025713 7f93816df700                    Options.stats_dump_period_sec: 600
2017/11/23-06:53:18.025713 7f93816df700                    Options.advise_random_on_open: 1
2017/11/23-06:53:18.025714 7f93816df700                     Options.db_write_buffer_size: 0d
2017/11/23-06:53:18.025715 7f93816df700          Options.access_hint_on_compaction_start: NORMAL
2017/11/23-06:53:18.025715 7f93816df700   Options.new_table_reader_for_compaction_inputs: 0
2017/11/23-06:53:18.025722 7f93816df700                Options.compaction_readahead_size: 0d
2017/11/23-06:53:18.025723 7f93816df700                Options.random_access_max_buffer_size: 1048576d
2017/11/23-06:53:18.025723 7f93816df700               Options.writable_file_max_buffer_size: 1048576d
2017/11/23-06:53:18.025724 7f93816df700                       Options.use_adaptive_mutex: 0
2017/11/23-06:53:18.025725 7f93816df700                             Options.rate_limiter: (nil)
2017/11/23-06:53:18.025726 7f93816df700      Options.sst_file_manager.rate_bytes_per_sec: 0
2017/11/23-06:53:18.025726 7f93816df700                           Options.bytes_per_sync: 0
2017/11/23-06:53:18.025727 7f93816df700                       Options.wal_bytes_per_sync: 0
2017/11/23-06:53:18.025727 7f93816df700                        Options.wal_recovery_mode: 0
2017/11/23-06:53:18.025728 7f93816df700                   Options.enable_thread_tracking: 0
2017/11/23-06:53:18.025729 7f93816df700          Options.allow_concurrent_memtable_write: 0
2017/11/23-06:53:18.025729 7f93816df700       Options.enable_write_thread_adaptive_yield: 0
2017/11/23-06:53:18.025730 7f93816df700              Options.write_thread_max_yield_usec: 100
2017/11/23-06:53:18.025730 7f93816df700             Options.write_thread_slow_yield_usec: 3
2017/11/23-06:53:18.025731 7f93816df700                                Options.row_cache: None
2017/11/23-06:53:18.025732 7f93816df700        Options.wal_filter: None
2017/11/23-06:53:18.025733 7f93816df700 Compression algorithms supported:
2017/11/23-06:53:18.025734 7f93816df700 	Snappy supported: 1
2017/11/23-06:53:18.025734 7f93816df700 	Zlib supported: 1
2017/11/23-06:53:18.025735 7f93816df700 	Bzip supported: 1
2017/11/23-06:53:18.025736 7f93816df700 	LZ4 supported: 0
2017/11/23-06:53:18.025739 7f93816df700 Fast CRC32 supported: 1
2017/11/23-06:53:18.028846 7f93816df700 Recovering from manifest file: MANIFEST-000043
2017/11/23-06:53:18.029155 7f93816df700 --------------- Options for column family [default]:
2017/11/23-06:53:18.029158 7f93816df700               Options.comparator: rocksdb.InternalKeyComparator:leveldb.BytewiseComparator
2017/11/23-06:53:18.029159 7f93816df700           Options.merge_operator: None
2017/11/23-06:53:18.029160 7f93816df700        Options.compaction_filter: None
2017/11/23-06:53:18.029161 7f93816df700        Options.compaction_filter_factory: None
2017/11/23-06:53:18.029161 7f93816df700         Options.memtable_factory: SkipListFactory
2017/11/23-06:53:18.029162 7f93816df700            Options.table_factory: BlockBasedTable
2017/11/23-06:53:18.029171 7f93816df700            table_factory options:   flush_block_policy_factory: FlushBlockBySizePolicyFactory (0x211fdd0)
  cache_index_and_filter_blocks: 0
  index_type: 0
  hash_index_allow_collision: 1
  checksum: 1
  no_block_cache: 0
  block_cache: 0x2112ef0
  block_cache_size: 8388608
  block_cache_compressed: (nil)
  block_size: 4096
  block_size_deviation: 10
  block_restart_interval: 16
  index_block_restart_interval: 1
  filter_policy: nullptr
  whole_key_filtering: 1
  skip_table_builder_flush: 0
  format_version: 2
2017/11/23-06:53:18.029173 7f93816df700        Options.write_buffer_size: 4194304
2017/11/23-06:53:18.029173 7f93816df700  Options.max_write_buffer_number: 2
2017/11/23-06:53:18.029174 7f93816df700          Options.compression: Snappy
2017/11/23-06:53:18.029175 7f93816df700       Options.prefix_extractor: nullptr
2017/11/23-06:53:18.029176 7f93816df700             Options.num_levels: 7
2017/11/23-06:53:18.029176 7f93816df700        Options.min_write_buffer_number_to_merge: 1
2017/11/23-06:53:18.029177 7f93816df700     Options.max_write_buffer_number_to_maintain: 0
2017/11/23-06:53:18.029178 7f93816df700            Options.compression_opts.window_bits: -14
2017/11/23-06:53:18.029178 7f93816df700                  Options.compression_opts.level: -1
2017/11/23-06:53:18.029179 7f93816df700               Options.compression_opts.strategy: 0
2017/11/23-06:53:18.029180 7f93816df700      Options.level0_file_num_compaction_trigger: 4
2017/11/23-06:53:18.029181 7f93816df700          Options.level0_slowdown_writes_trigger: 20
2017/11/23-06:53:18.029182 7f93816df700              Options.level0_stop_writes_trigger: 24
2017/11/23-06:53:18.029182 7f93816df700                   Options.target_file_size_base: 2097152
2017/11/23-06:53:18.029183 7f93816df700             Options.target_file_size_multiplier: 1
2017/11/23-06:53:18.029184 7f93816df700                Options.max_bytes_for_level_base: 10485760
2017/11/23-06:53:18.029185 7f93816df700 Options.level_compaction_dynamic_level_bytes: 0
2017/11/23-06:53:18.029185 7f93816df700          Options.max_bytes_for_level_multiplier: 10
2017/11/23-06:53:18.029186 7f93816df700 Options.max_bytes_for_level_multiplier_addtl[0]: 1
2017/11/23-06:53:18.029187 7f93816df700 Options.max_bytes_for_level_multiplier_addtl[1]: 1
2017/11/23-06:53:18.029187 7f93816df700 Options.max_bytes_for_level_multiplier_addtl[2]: 1
2017/11/23-06:53:18.029188 7f93816df700 Options.max_bytes_for_level_multiplier_addtl[3]: 1
2017/11/23-06:53:18.029189 7f93816df700 Options.max_bytes_for_level_multiplier_addtl[4]: 1
2017/11/23-06:53:18.029189 7f93816df700 Options.max_bytes_for_level_multiplier_addtl[5]: 1
2017/11/23-06:53:18.029190 7f93816df700 Options.max_bytes_for_level_multiplier_addtl[6]: 1
2017/11/23-06:53:18.029190 7f93816df700       Options.max_sequential_skip_in_iterations: 8
2017/11/23-06:53:18.029191 7f93816df700              Options.expanded_compaction_factor: 25
2017/11/23-06:53:18.029192 7f93816df700                Options.source_compaction_factor: 1
2017/11/23-06:53:18.029192 7f93816df700          Options.max_grandparent_overlap_factor: 10
2017/11/23-06:53:18.029193 7f93816df700                        Options.arena_block_size: 524288
2017/11/23-06:53:18.029193 7f93816df700   Options.soft_pending_compaction_bytes_limit: 0
2017/11/23-06:53:18.029194 7f93816df700   Options.hard_pending_compaction_bytes_limit: 0
2017/11/23-06:53:18.029195 7f93816df700       Options.rate_limit_delay_max_milliseconds: 1000
2017/11/23-06:53:18.029195 7f93816df700                Options.disable_auto_compactions: 0
2017/11/23-06:53:18.029196 7f93816df700                           Options.filter_deletes: 0
2017/11/23-06:53:18.029197 7f93816df700           Options.verify_checksums_in_compaction: 1
2017/11/23-06:53:18.029197 7f93816df700                         Options.compaction_style: 0
2017/11/23-06:53:18.029198 7f93816df700                           Options.compaction_pri: 0
2017/11/23-06:53:18.029199 7f93816df700  Options.compaction_options_universal.size_ratio: 1
2017/11/23-06:53:18.029199 7f93816df700 Options.compaction_options_universal.min_merge_width: 2
2017/11/23-06:53:18.029200 7f93816df700 Options.compaction_options_universal.max_merge_width: 4294967295
2017/11/23-06:53:18.029201 7f93816df700 Options.compaction_options_universal.max_size_amplification_percent: 200
2017/11/23-06:53:18.029202 7f93816df700 Options.compaction_options_universal.compression_size_percent: -1
2017/11/23-06:53:18.029202 7f93816df700 Options.compaction_options_fifo.max_table_files_size: 1073741824
2017/11/23-06:53:18.029203 7f93816df700                   Options.table_properties_collectors: 
2017/11/23-06:53:18.029204 7f93816df700                   Options.inplace_update_support: 0
2017/11/23-06:53:18.029204 7f93816df700                 Options.inplace_update_num_locks: 10000
2017/11/23-06:53:18.029205 7f93816df700               Options.min_partial_merge_operands: 2
2017/11/23-06:53:18.029205 7f93816df700               Options.memtable_prefix_bloom_bits: 0
2017/11/23-06:53:18.029206 7f93816df700             Options.memtable_prefix_bloom_probes: 6
2017/11/23-06:53:18.029207 7f93816df700   Options.memtable_prefix_bloom_huge_page_tlb_size: 0
2017/11/23-06:53:18.029207 7f93816df700                           Options.bloom_locality: 0
2017/11/23-06:53:18.029208 7f93816df700                    Options.max_successive_merges: 0
2017/11/23-06:53:18.029208 7f93816df700                Options.optimize_filters_for_hits: 0
2017/11/23-06:53:18.029209 7f93816df700                Options.paranoid_file_checks: 0
2017/11/23-06:53:18.029211 7f93816df700                Options.compaction_measure_io_stats: 0
2017/11/23-06:53:18.034415 7f93816df700 Recovered from manifest file:assignment2_master.db/MANIFEST-000043 succeeded,manifest_file_number is 43, next_file_number is 45, last_sequence is 43, log_number is 0,prev_log_number is 0,max_column_family is 0
2017/11/23-06:53:18.034422 7f93816df700 Column family [default] (ID 0), log number is 42
2017/11/23-06:53:18.036558 7f93816df700 EVENT_LOG_v1 {"time_micros": 1511419998036551, "job": 1, "event": "recovery_started", "log_files": [44]}
2017/11/23-06:53:18.036771 7f93816df700 Recovering log #44 mode 0 skip-recovery 0
2017/11/23-06:53:18.040524 7f93816df700 EVENT_LOG_v1 {"time_micros": 1511419998040515, "cf_name": "default", "job": 1, "event": "table_file_creation", "file_number": 45, "file_size": 905, "table_properties": {"data_size": 341, "index_size": 36, "filter_size": 0, "raw_key_size": 280, "raw_average_key_size": 40, "raw_value_size": 29, "raw_average_value_size": 4, "num_data_blocks": 1, "num_entries": 7, "filter_policy_name": "", "kDeletedKeys": "0"}}
2017/11/23-06:53:18.040549 7f93816df700 Creating manifest 46
2017/11/23-06:53:18.044601 7f93816df700 EVENT_LOG_v1 {"time_micros": 1511419998044595, "job": 1, "event": "recovery_finished"}
2017/11/23-06:53:18.055645 7f93816df700 DB pointer 0x2125440
2017/11/23-06:53:18.055700 7f9377fff700 [WARN] ------- DUMPING STATS -------
2017/11/23-06:53:18.056105 7f9377fff700 [WARN] 
** Compaction Stats [default] **
Level    Files   Size(MB) Score Read(GB)  Rn(GB) Rnp1(GB) Write(GB) Wnew(GB) Moved(GB) W-Amp Rd(MB/s) Wr(MB/s) Comp(sec) Comp(cnt) Avg(sec) KeyIn KeyDrop
---------------------------------------------------------------------------------------------------------------------------------------------------------------------
  L0      4/0       0.00   1.0      0.0     0.0      0.0       0.0      0.0       0.0   0.0      0.0      0.3         0         1    0.003       0      0
  L1      1/0       0.00   0.0      0.0     0.0      0.0       0.0      0.0       0.0   0.0      0.0      0.0         0         0    0.000       0      0
 Sum      5/0       0.00   0.0      0.0     0.0      0.0       0.0      0.0       0.0   1.0      0.0      0.3         0         1    0.003       0      0
 Int      0/0       0.00   0.0      0.0     0.0      0.0       0.0      0.0       0.0   1.0      0.0      0.3         0         1    0.003       0      0
Flush(GB): cumulative 0.000, interval 0.000
Stalls(count): 0 level0_slowdown, 0 level0_slowdown_with_compaction, 0 level0_numfiles, 0 level0_numfiles_with_compaction, 0 stop for pending_compaction_bytes, 0 slowdown for pending_compaction_bytes, 0 memtable_compaction, 0 memtable_slowdown, interval 0 total count

** DB Stats **
Uptime(secs): 0.0 total, 0.0 interval
Cumulative writes: 0 writes, 0 keys, 0 batches, 0.0 writes per batch, ingest: 0.00 GB, 0.00 MB/s
Cumulative WAL: 0 writes, 0 syncs, 0.00 writes per sync, written: 0.00 GB, 0.00 MB/s
Cumulative compaction: 0.00 GB write, 0.03 MB/s write, 0.00 GB read, 0.00 MB/s read, 0.0 seconds
Cumulative stall: 00:00:0.000 H:M:S, 0.0 percent
Interval writes: 0 writes, 0 keys, 0 batches, 0.0 writes per batch, ingest: 0.00 MB, 0.00 MB/s
Interval WAL: 0 writes, 0 syncs, 0.00 writes per sync, written: 0.00 MB, 0.00 MB/s
Interval compaction: 0.00 GB write, 0.03 MB/s write, 0.00 GB read, 0.00 MB/s read, 0.0 seconds
Interval stall: 00:00:0.000 H:M:S, 0.0 percent
2017/11/23-06:53:18.056134 7f9377fff700 [default] [JOB 3] Compacting 4@0 + 1@1 files to L1, score 1.00
2017/11/23-06:53:18.056138 7f9377fff700 [default] Compaction start summary: Base version 2 Base level 0, inputs: [45(905B) 42(764B) 39(952B) 36(949B)], [34(1494B)]
2017/11/23-06:53:18.056155 7f9377fff700 EVENT_LOG_v1 {"time_micros": 1511419998056147, "job": 3, "event": "compaction_started", "files_L0": [45, 42, 39, 36], "files_L1": [34], "score": 1, "input_data_size": 5064}
2017/11/23-06:53:18.064738 7f9377fff700 [default] [JOB 3] Generated table #50: 50 keys, 2484 bytes
2017/11/23-06:53:18.064759 7f9377fff700 EVENT_LOG_v1 {"time_micros": 1511419998064752, "cf_name": "default", "job": 3, "event": "table_file_creation", "file_number": 50, "file_size": 2484, "table_properties": {"data_size": 1919, "index_size": 36, "filter_size": 0, "raw_key_size": 2000, "raw_average_key_size": 40, "raw_value_size": 198, "raw_average_value_size": 3, "num_data_blocks": 1, "num_entries": 50, "filter_policy_name": "", "kDeletedKeys": "0"}}
2017/11/23-06:53:18.065085 7f9377fff700 [default] [JOB 3] Compacted 4@0 + 1@1 files to L1 => 2484 bytes
2017/11/23-06:53:18.065902 7f9377fff700 (Original Log Time 2017/11/23-06:53:18.065853) [default] compacted to: base level 1 max bytes base 10485760 files[0 1 0 0 0 0 0] max score 0.00, MB/sec: 0.6 rd, 0.3 wr, level 1, files in(4, 1) out(1) MB in(0.0, 0.0) out(0.0), read-write-amplify(2.1) write-amplify(0.7) OK, records in: 50, records dropped: 0
2017/11/23-06:53:18.065906 7f9377fff700 (Original Log Time 2017/11/23-06:53:18.065877) EVENT_LOG_v1 {"time_micros": 1511419998065868, "job": 3, "event": "compaction_finished", "compaction_time_micros": 8618, "output_level": 1, "num_output_files": 1, "total_output_size": 2484, "num_input_records": 50, "num_output_records": 50, "num_subcompactions": 1, "lsm_state": [0, 1, 0, 0, 0, 0, 0]}
2017/11/23-06:53:18.066926 7f9377fff700 EVENT_LOG_v1 {"time_micros": 1511419998066920, "job": 3, "event": "table_file_deletion", "file_number": 45}
2017/11/23-06:53:18.067631 7f9377fff700 EVENT_LOG_v1 {"time_micros": 1511419998067626, "job": 3, "event": "table_file_deletion", "file_number": 42}
2017/11/23-06:53:18.068331 7f9377fff700 EVENT_LOG_v1 {"time_micros": 1511419998068327, "job": 3, "event": "table_file_deletion", "file_number": 39}
2017/11/23-06:53:18.069330 7f9377fff700 EVENT_LOG_v1 {"time_micros": 1511419998069324, "job": 3, "event": "table_file_deletion", "file_number": 36}
2017/11/23-06:53:18.070091 7f9377fff700 EVENT_LOG_v1 {"time_micros": 1511419998070088, "job": 3, "event": "table_file_deletion", "file_number": 34}
